          77
-0.0110174
0.0110174
0.06610440000000001
   1.0894352374565819E-004
 -0.37451968814789877     
 -0.64984490832114505     
 -0.14698228300303917     
  0.25368199908376504     
  -2.1173287492796261E-005
  -5.5705350243041164E-006
   1.3214746935915454E-002
   2.3060955469605061E-002
   9.6589030373884690E-003
  -1.6579520995373992E-002
   6.2521479281016194E-006
   4.1467682413400695E-006
  -6.6376030511466487E-004
  -1.1740884161358385E-003
  -6.8356182361732284E-004
   1.1794282700231418E-003
   2.7337874820712940E-006
  -1.0202983465417585E-005
   1.8465389180284415E-005
   4.8183838595392816E-005
   4.5380770595383757E-005
  -7.0735373370355690E-005
   4.3752758090791731E-006
  -5.1697233759772562E-006
  -6.0431088707482011E-006
   1.2900508735875165E-005
   1.6946835113286138E-005
  -1.5060473339984829E-005
  -1.9357680680301415E-005
   9.3513430230807608E-006
   1.2131878691901653E-005
  -1.6275009357577626E-005
  -1.5653788296949439E-005
   1.4046308495224296E-005
   4.5113115439165442E-006
  -6.5333294558958733E-006
  -4.3483093100870306E-006
   6.4390005946648234E-006
   8.9264616863400127E-006
  -8.2246974536406646E-006
  -6.2586418735411688E-006
   2.3866163778699830E-006
   7.6883848782473806E-006
  -7.7840565603619970E-006
  -1.4956073331489749E-005
   7.1586264248224466E-006
   9.1710225965119935E-006
  -1.2717969804460160E-007
  -5.6291545620181828E-006
   2.9369123257237265E-006
   4.7353408186476785E-006
  -3.7379474994726773E-006
   9.2339123172616513E-007
   3.2859768054843231E-007
  -5.0439417847358489E-006
  -5.0104883870395184E-006
   2.2232212809327953E-006
   4.6011726054169644E-006
  -5.2454681699095999E-006
  -1.6540464932986254E-006
   7.2386075849677038E-006
   2.8358855780553462E-006
  -5.7391400100259733E-006
  -1.8473587075610324E-006
   7.1090725206608522E-006
   1.8484580438528643E-006
  -6.4366947953435096E-006
  -4.7251824398772411E-006
   3.2614821119129542E-006
   5.4580261463581669E-006
  -3.0085575617433934E-006
  -6.5504772691081922E-006
   6.3356019823061251E-006
   6.3777810425556754E-006
  -7.1266409763450118E-006
  -6.2013909518899194E-006
   1.00000000    
   0.00000000    
   0.00000000    
   0.00000000    
   0.00000000    
