          77
-0.03306
0.03306
0.06612
  0.78819195382351070     
 -0.48807093973660592     
   2.0958362753620285E-009
  0.11716266681722637     
  -2.6182984252942632E-009
  -1.0040903646658494E-002
  -6.7159119238047182E-010
  -7.6795661746830723E-003
  -4.1435658792998709E-009
   1.0899960688237065E-003
   2.2109039599094160E-009
  -1.1727019847244599E-003
  -1.7140039942908913E-009
  -7.5690432959036463E-004
   5.4636872803826009E-009
  -4.6760237659653620E-004
  -3.8449429196063534E-009
  -4.2877546638259850E-004
   3.1793964058723923E-009
  -3.3637534068325231E-004
   8.7171906359984064E-009
  -2.8574202934190246E-004
  -1.7120165507478191E-008
  -2.3561313163205505E-004
   1.4843509643647224E-008
  -2.0822166031792683E-004
   1.6045922368590482E-009
  -1.7396155390108498E-004
  -3.8709188521224291E-008
  -1.5891313116307010E-004
   9.6024113105386277E-009
  -1.3376037898942678E-004
  -3.1010605416881276E-008
  -1.2514079555942664E-004
   1.7806339736026189E-008
  -1.0795898094378281E-004
  -7.7524631159064938E-009
  -1.0144581389377044E-004
  -1.9075455659489648E-008
  -8.7673687726157190E-005
  -4.4930292153466667E-008
  -8.4754181859885910E-005
  -4.6929704566878172E-010
  -7.2212817204536997E-005
  -1.5249612017598224E-008
  -7.1557294245188849E-005
   4.5544944659442477E-008
  -6.2962727397525634E-005
   9.9561714428375581E-009
  -6.0774626245823846E-005
  -1.4835233264065550E-008
  -5.4266807967657052E-005
  -1.4703425588180608E-008
  -5.2893315774909730E-005
  -7.3331740679805080E-009
  -4.7350951166641800E-005
   5.2906057312895882E-009
  -4.6208614503278830E-005
   3.4909939168603632E-008
  -4.1390586598516813E-005
   1.2349552491741633E-008
  -4.0599072877406037E-005
   1.2092013168540916E-008
  -3.7012327126212732E-005
   2.9296341796936076E-008
  -3.5600685932174123E-005
  -4.5034727058634871E-008
  -3.2918199504400683E-005
  -4.6536032805022387E-009
  -3.1573921742527808E-005
  -1.6109005240849683E-008
  -2.9094112089672955E-005
   2.7856675188786539E-008
  -2.7633869638837502E-005
   1.0909708691997366E-008
  -2.6495628471174051E-005
  -8.1167371046575454E-008
   1.00000000    
   0.00000000    
   0.00000000    
   0.00000000    
   0.00000000    
