          77
-0.0524637
0.0524637
0.1049274
  0.68976147073248706     
  0.48892770800321506     
   3.9794709194607445E-010
  0.17206239600587425     
   6.7331981656803501E-010
   1.8020003297653183E-002
   1.1098022778543461E-009
  -1.4954017022368754E-002
  -7.4459693966267917E-010
  -8.2910667991305028E-003
  -1.6853779483278393E-010
  -1.8484518941721487E-003
  -1.4293592143220840E-009
   6.9031210448988235E-004
   5.5841609114242129E-010
   3.5424944498397236E-004
  -1.0953321583100600E-009
   2.3369073048362156E-004
  -9.8797175995828759E-010
  -9.5818156384259054E-005
   3.1211011553312444E-010
   4.3923820919550720E-005
   1.8648770305715066E-009
  -6.7146597922280058E-005
  -7.0589883938133457E-010
   5.0943399406028660E-005
  -3.7487102311523763E-010
  -4.1731200635103831E-005
   1.5068999381699044E-009
   3.9442263449535502E-005
   6.1812299723103085E-010
  -3.2955523273420666E-005
   3.6242431277772827E-010
   3.0542380459847478E-005
  -1.6234764643715782E-009
  -2.6193568313010341E-005
  -5.9268357929794936E-009
   2.4852402903613903E-005
  -2.2254651455032045E-009
  -2.1201131431164867E-005
   1.9541057660948009E-009
   2.0518142555209674E-005
  -2.6552842702453965E-009
  -1.7426415872540569E-005
   1.6796768420707614E-009
   1.7227348278131994E-005
   1.6772883563848733E-009
  -1.4793069790014937E-005
  -6.5275497229673382E-009
   1.4714024957113606E-005
  -5.2001436490233782E-009
  -1.2568838023247378E-005
  -1.2654550740614488E-008
   1.2684354130149569E-005
  -2.2774105379409239E-009
  -1.0885505129726750E-005
  -4.3156194173714164E-009
   1.1163594586966366E-005
  -1.6034383933429409E-009
  -9.5194564120275632E-006
   2.0199201644644479E-008
   9.8053324708529150E-006
   5.1730558059400693E-008
  -8.3849323160249984E-006
   3.3126190235311175E-008
   8.6517104249621585E-006
   1.2719086561743061E-008
  -7.5677517412613443E-006
   9.6429260132373998E-009
   7.8568977595010498E-006
   5.5147868493884389E-009
  -6.7205822533671384E-006
   1.3866137231483818E-009
   6.9823020907249262E-006
   4.8634296589618192E-010
  -6.0330289017811484E-006
   8.2315270155738409E-009
   1.00000000    
   0.00000000    
   0.00000000    
   0.00000000    
   0.00000000    
