          77
0
1.049355
0.10493550000000001
   1.0796512773801658E-004
 -0.37456158326785177     
  0.64981965800950114     
 -0.14695324202693474     
 -0.25369687499660776     
  -2.1294388831469020E-005
  -4.9598820897300377E-006
   1.3227501198801773E-002
  -2.3052655318578811E-002
   9.6510284557067769E-003
   1.6583091754496626E-002
   6.5068336473116453E-006
   3.9803226495187240E-006
  -6.7288915200977789E-004
   1.1687025306256859E-003
  -6.9328154671988770E-004
  -1.1734574301404555E-003
   2.4598050545033244E-006
  -1.0259137329174150E-005
   3.2018893126045320E-005
  -4.0548770948765723E-005
   3.9666765198983003E-005
   7.3973310770487880E-005
   4.4024780893503652E-006
  -5.1870499562935350E-006
   1.3994137901660389E-005
  -1.4984876455292773E-006
   5.0902585671864543E-006
   2.2075621812855551E-005
  -1.9247908937419268E-005
   9.8109366637601520E-006
  -2.0166438646976228E-005
  -1.9042736596690429E-006
  -4.9485170629456898E-006
  -2.0475837476735316E-005
   4.4540255019131711E-006
  -6.6957628836411985E-006
   7.7059109807472125E-006
   3.9150781761738290E-007
   3.0922879310814333E-006
   1.1723545919274345E-005
  -6.2105262982684040E-006
   2.6590300734367509E-006
  -1.0616241191497081E-005
  -2.4306513139074524E-006
   6.5763740091269451E-007
  -1.6497487394150590E-005
   9.1968217699111773E-006
  -5.2800665885942883E-007
   5.4464155301004423E-006
   3.2728616038031848E-006
   1.0695713769954401E-006
   5.8125690169761355E-006
   9.5768910021373777E-007
   2.9993140667197716E-007
  -1.5059099086269130E-006
   6.8714398324501062E-006
  -5.0719996638744040E-006
  -1.0271554782143958E-007
  -5.3304514586599572E-006
  -1.4640505997763232E-006
  -1.4415355273546954E-006
  -7.5717738009485777E-006
   4.1951114694771183E-006
  -4.2027047028105816E-006
   7.1694916488622591E-006
   1.4791222178782715E-006
  -5.2921138665729117E-007
   7.9682928141856798E-006
  -6.3202138709059913E-006
   3.9468263244623596E-007
  -3.3499891983323343E-006
  -6.3477352790472263E-006
   1.8967515609561933E-006
  -8.8074907050607175E-006
   8.7613629548618371E-006
  -3.4849456006397256E-006
   1.00000000    
   0.00000000    
   0.00000000    
   0.00000000    
   0.00000000    
